0 0 4.738961658542233
0 1 -0.06276440266313747
0 124 -1.343814098834875
0 125 -4.293379340731173
0 133 0.9609961836869525
1 0 -0.06276440266313747
1 1 5.279959627199944
1 2 -1.0104314292927161
1 28 0.06438946704623799
1 29 -2.946773438492813
1 124 -1.3243798237975155
2 1 -1.0104314292927161
2 2 4.439981551025809
2 3 -0.5323936350459363
2 28 -2.8971564866871575
3 2 -0.5323936350459363
3 3 3.0038092892218335
3 4 -0.602997721240025
3 28 -1.8684179329358725
4 3 -0.602997721240025
4 4 5.10682982226985
4 8 0.0804167117268581
4 9 -4.080480100971242
4 28 -0.5037687117854417
5 5 6.815763167129244
5 6 -0.6022885708956495
5 8 0.5693287549186181
5 13 -5.784196410622009
5 14 0.03747310529464995
5 16 -1.0360800458248538
6 5 -0.6022885708956495
6 6 3.5026653062750785
6 7 -0.11719831910783833
6 14 -2.106862412021548
6 15 -0.6763160042500427
7 6 -0.11719831910783833
7 7 4.093029314659942
7 15 -2.8966365503069644
7 19 -0.5817809636247464
7 295 -0.4974134816203934
8 4 0.0804167117268581
8 5 0.5693287549186181
8 8 4.2174049331760175
8 9 -0.03150157322621816
8 10 -1.2386478220182746
8 11 -1.3212748499881033
8 12 -2.0997017595091956
8 13 -0.17602439507970213
9 4 -4.080480100971242
9 8 -0.03150157322621816
9 9 10.06986078938816
9 10 -3.580779336300292
9 28 -0.772606046175188
9 30 -1.6044937327152198
10 8 -1.2386478220182746
10 9 -3.580779336300292
10 10 9.188620602402482
10 11 -1.1577889366425687
10 30 0.026414162494310583
10 31 -0.3905770612318554
10 32 -2.8472416087038024
11 8 -1.3212748499881033
11 10 -1.1577889366425687
11 11 7.464595789974707
11 12 -1.2825215057724415
11 25 -0.7729527012214104
11 32 -1.9002288343582814
11 36 0.18254188290966566
11 40 -1.2123708449015669
12 8 -2.0997017595091956
12 11 -1.2825215057724415
12 12 8.844264129718441
12 13 -3.234424048999493
12 24 -0.5371179716008381
12 25 -1.6904988438364725
13 5 -5.784196410622009
13 8 -0.17602439507970213
13 12 -3.234424048999493
13 13 11.88456854842422
13 16 -0.26953506728608684
13 24 -2.420388626436927
14 5 0.03747310529464995
14 6 -2.106862412021548
14 14 7.95254832700901
14 15 -1.0640607042355614
14 16 -2.959288462797474
14 17 -1.0614339339685974
14 18 -0.7983759192804791
15 6 -0.6763160042500427
15 7 -2.8966365503069644
15 14 -1.0640607042355614
15 15 8.362232661992067
15 18 -2.950662654474482
15 19 -0.7745567487250165
16 5 -1.0360800458248538
16 13 -0.26953506728608684
16 14 -2.959288462797474
16 16 7.827167387675125
16 17 -0.7508912615419108
16 24 -1.3958934686308333
16 27 -1.415479081593967
17 14 -1.0614339339685974
17 16 -0.7508912615419108
17 17 6.977973414406874
17 18 -1.782036070052
17 20 -1.0511168360923344
17 21 -1.1355959590650038
17 27 -1.1968993536870272
18 14 -0.7983759192804791
18 15 -2.950662654474482
18 17 -1.782036070052
18 18 8.08278468297729
18 19 -0.41767378749609146
18 20 -2.134036251674236
19 7 -0.5817809636247464
19 15 -0.7745567487250165
19 18 -0.41767378749609146
19 19 7.643329571516091
19 20 -0.6121778642035365
19 23 -3.0221978382105847
19 294 -0.17222588172728734
19 295 -1.4629897429441083
19 296 -0.5997267445847205
20 17 -1.0511168360923344
20 18 -2.134036251674236
20 19 -0.6121778642035365
20 20 7.2165257064077135
20 21 -1.8200028615870267
20 22 -0.4065590949283817
20 23 -1.1926327979221987
21 17 -1.1355959590650038
21 20 -1.8200028615870267
21 21 7.2877442048957
21 22 -0.6848809460896592
21 27 -0.8762134179918115
21 41 -1.5891737278214173
21 42 -1.1818772923407814
22 20 -0.4065590949283817
22 21 -0.6848809460896592
22 22 7.418267619961382
22 23 -2.8069303458793047
22 41 -0.5349618850419567
22 44 -1.3939032942042138
22 272 -0.6676509763628813
22 277 -0.5424910846358764
22 296 -0.38088999281910824
23 19 -3.0221978382105847
23 20 -1.1926327979221987
23 22 -2.8069303458793047
23 23 8.27803677844193
23 296 -1.256275796429841
24 12 -0.5371179716008381
24 13 -2.420388626436927
24 16 -1.3958934686308333
24 24 7.574045637168657
24 25 -1.1082505843279082
24 26 -1.688542332686148
24 27 -0.42385265348600265
25 11 -0.7729527012214104
25 12 -1.6904988438364725
25 24 -1.1082505843279082
25 25 7.518202796343986
25 26 -1.6146606060665052
25 40 -2.1047730114561345
25 55 -0.22706704943555447
26 24 -1.688542332686148
26 25 -1.6146606060665052
26 26 7.4406227458416705
26 27 -1.424345212439456
26 54 -1.5118250295811109
26 55 -1.201249565068451
27 16 -1.415479081593967
27 17 -1.1968993536870272
27 21 -0.8762134179918115
27 24 -0.42385265348600265
27 26 -1.424345212439456
27 27 7.018867083799435
27 42 -0.3989042366576301
27 54 -1.2831731279435412
28 1 0.06438946704623799
28 2 -2.8971564866871575
28 3 -1.8684179329358725
28 4 -0.5037687117854417
28 9 -0.772606046175188
28 28 8.483815968639028
28 29 -0.38562818621586
28 30 -2.120628071885746
29 1 -2.946773438492813
29 28 -0.38562818621586
29 29 8.37649314457675
29 30 -0.7885959847537063
29 33 -2.8961403126042464
29 123 -0.4599193659399496
29 124 -0.8994358565701746
30 9 -1.6044937327152198
30 10 0.026414162494310583
30 28 -2.120628071885746
30 29 -0.7885959847537063
30 30 8.267597762924325
30 31 -3.0985204588600737
30 33 -0.6817736772038904
31 10 -0.3905770612318554
31 30 -3.0985204588600737
31 31 7.96997373251496
31 32 -1.2402873279041513
31 33 -0.5671558875712144
31 34 -0.7322711010909617
31 35 -1.9411618958567032
32 10 -2.8472416087038024
32 11 -1.9002288343582814
32 31 -1.2402873279041513
32 32 8.06793214630653
32 35 -0.5949250285279732
32 36 -1.4852493468123222
33 29 -2.8961403126042464
33 30 -0.6817736772038904
33 31 -0.5671558875712144
33 33 7.905309438638677
33 34 -2.254184072184468
33 122 -1.1320034953317086
33 123 -0.37405199374314957
34 31 -0.7322711010909617
34 33 -2.254184072184468
34 34 7.508911786370442
34 35 -0.862827245700883
34 89 -1.921772179079733
34 90 -1.4286395744192797
34 122 -0.30921761389511715
35 31 -1.9411618958567032
35 32 -0.5949250285279732
35 34 -0.862827245700883
35 35 7.363613472516956
35 36 -1.1890249086145852
35 37 -1.9747960749439448
35 89 -0.8008783188728679
36 11 0.18254188290966566
36 32 -1.4852493468123222
36 35 -1.1890249086145852
36 36 7.505047281418843
36 37 -0.545967838894463
36 38 -0.8506109726117146
36 39 -1.355450731658907
36 40 -2.261285365736517
37 35 -1.9747960749439448
37 36 -0.545967838894463
37 37 7.617916690173779
37 38 -1.8794372795639323
37 89 -1.4482842707836552
37 92 -1.7694312259877836
38 36 -0.8506109726117146
38 37 -1.8794372795639323
38 38 7.5161884023621255
38 39 -0.9442935843701948
38 73 -2.0149177496748645
38 74 -0.4933708994667767
38 81 -0.775978905294576
38 92 -0.5575790113800669
39 36 -1.355450731658907
39 38 -0.9442935843701948
39 39 7.4859991188137505
39 40 -0.7650054219896326
39 55 -1.4526587500318016
39 56 -0.7066690772653487
39 73 -2.2619215534978663
40 11 -1.2123708449015669
40 25 -2.1047730114561345
40 36 -2.261285365736517
40 39 -0.7650054219896326
40 40 7.793026394722987
40 55 -1.449591750639137
41 21 -1.5891737278214173
41 22 -0.5349618850419567
41 41 8.348399143868571
41 42 -1.6323700600344604
41 43 -2.761279208718452
41 44 -1.8306142622522854
42 21 -1.1818772923407814
42 27 -0.3989042366576301
42 41 -1.6323700600344604
42 42 8.046400325298528
42 43 -0.33490051581003055
42 45 -2.318719918947167
42 46 -0.7053068825436899
42 54 -1.4743214189647686
43 41 -2.761279208718452
43 42 -0.33490051581003055
43 43 7.955972433920386
43 44 -0.10291799708331778
43 45 -1.1527328722661534
43 48 -1.7379764406751388
43 49 -1.6392522246270755
43 50 -0.2269131747402178
44 22 -1.3939032942042138
44 41 -1.8306142622522854
44 43 -0.10291799708331778
44 44 8.712090616868846
44 50 -3.4700940079011557
44 274 -0.07633272439925304
44 277 -1.8382283310286205
45 42 -2.318719918947167
45 43 -1.1527328722661534
45 45 7.331456593532122
45 46 -0.9925097362811469
45 47 -1.6693963384417103
45 48 -1.1980977275959455
46 42 -0.7053068825436899
46 45 -0.9925097362811469
46 46 10.081084769451902
46 47 -4.424549685247419
46 54 -2.972433671616842
46 55 -0.9862847937628059
47 45 -1.6693963384417103
47 46 -4.424549685247419
47 47 11.827825694752379
47 48 -0.5174892531511759
47 55 0.8643486050562754
47 59 -4.958563078587572
47 60 -1.1221759443807784
48 43 -1.7379764406751388
48 45 -1.1980977275959455
48 47 -0.5174892531511759
48 48 6.949010744207714
48 49 -1.0855509988904557
48 51 -0.9268195814182162
48 60 -1.4830767424767823
49 43 -1.6392522246270755
49 48 -1.0855509988904557
49 49 7.604581971256217
49 50 -1.232887302725475
49 51 -1.2440376422206416
49 52 -0.6288403523602735
49 53 -1.774013450432296
50 43 -0.2269131747402178
50 44 -3.4700940079011557
50 49 -1.232887302725475
50 50 9.177444554408247
50 53 -2.720553631010259
50 274 -0.28145859859624556
50 275 -1.2455378394348942
51 48 -0.9268195814182162
51 49 -1.2440376422206416
51 51 7.202351453647917
51 52 -0.9181373294826944
51 60 -1.4925276507631735
51 61 -0.24325808958084155
51 62 -0.7488939489469494
51 63 -1.6286772112354004
52 49 -0.6288403523602735
52 51 -0.9181373294826944
52 52 7.393311794720667
52 53 -1.8568925214403014
52 62 -0.5757543716976764
52 66 -1.0958673054514008
52 255 -0.9595714551338201
52 260 -0.677000427391159
52 275 -0.6812480317633415
53 49 -1.774013450432296
53 50 -2.720553631010259
53 52 -1.8568925214403014
53 53 8.060649118252972
53 275 -1.7091895153701155
54 26 -1.5118250295811109
54 27 -1.2831731279435412
54 42 -1.4743214189647686
54 46 -2.972433671616842
54 54 8.164648962264204
54 55 -0.9228957141579417
55 25 -0.22706704943555447
55 26 -1.201249565068451
55 39 -1.4526587500318016
55 40 -1.449591750639137
55 46 -0.9862847937628059
55 47 0.8643486050562754
55 54 -0.9228957141579417
55 55 7.208824881182761
55 56 -0.2510523767779097
55 57 -0.06074101514774982
55 58 -0.14767748279048187
55 59 -1.3739549884272035
56 39 -0.7066690772653487
56 55 -0.2510523767779097
56 56 9.375560059383465
56 57 -3.704342333930039
56 67 -1.4080742388984673
56 68 0.19908150792437368
56 69 -0.5930375620239807
56 73 -2.2439591931772545
56 74 -0.6675067852348388
57 55 -0.06074101514774982
57 56 -3.704342333930039
57 57 11.749898845675531
57 58 -5.696112303312468
57 61 -1.039127713573422
57 67 -1.2495754797118537
58 55 -0.14767748279048187
58 57 -5.696112303312468
58 58 13.76142222904078
58 59 -6.261716926302264
58 60 -0.7661355588136342
58 61 -0.8897799578219324
59 47 -4.958563078587572
59 55 -1.3739549884272035
59 58 -6.261716926302264
59 59 13.291203369925348
59 60 -0.6969683766083086
60 47 -1.1221759443807784
60 48 -1.4830767424767823
60 51 -1.4925276507631735
60 58 -0.7661355588136342
60 59 -0.6969683766083086
60 60 7.512491921450455
60 61 -1.9516076484077791
61 51 -0.24325808958084155
61 57 -1.039127713573422
61 58 -0.8897799578219324
61 60 -1.9516076484077791
61 61 7.5062910382222725
61 63 -1.363112305258809
61 67 -2.019405323579489
62 51 -0.7488939489469494
62 52 -0.5757543716976764
62 62 7.8634577686678355
62 63 -1.6309912249525365
62 64 -1.3903408280448346
62 65 -0.4887787646697528
62 66 -3.028698630356086
63 51 -1.6286772112354004
63 61 -1.363112305258809
63 62 -1.6309912249525365
63 63 7.430274657855373
63 64 -1.4364663276975045
63 67 -1.3710275887111216
64 62 -1.3903408280448346
64 63 -1.4364663276975045
64 64 7.90446809380242
64 65 -1.047614391052575
64 67 -0.9486276910396025
64 68 -3.081418855967903
65 62 -0.4887787646697528
65 64 -1.047614391052575
65 65 7.301917731477046
65 66 -1.5090768233259302
65 68 -0.11044909669833196
65 72 -2.4418287922679403
65 252 -1.141342573056224
65 253 -0.08719706074666272
65 260 -0.47563022965962837
66 52 -1.0958673054514008
66 62 -3.028698630356086
66 65 -1.5090768233259302
66 66 8.595022834084041
66 260 -2.9613800749506254
67 56 -1.4080742388984673
67 57 -1.2495754797118537
67 61 -2.019405323579489
67 63 -1.3710275887111216
67 64 -0.9486276910396025
67 67 8.46530935746227
67 68 -1.4685990355217364
68 56 0.19908150792437368
68 64 -3.081418855967903
68 65 -0.11044909669833196
68 67 -1.4685990355217364
68 68 9.001160015273403
68 69 -0.9145368721129178
68 70 -1.3965190244948293
68 71 -0.18328469627802094
68 72 -2.0454339421240366
69 56 -0.5930375620239807
69 68 -0.9145368721129178
69 69 7.911736272158472
69 70 -1.36269859459413
69 74 -2.0064776148757315
69 75 -0.9237671738941413
69 76 -1.709824284148309
69 80 -0.4013941705092615
70 68 -1.3965190244948293
70 69 -1.36269859459413
70 70 8.811121563592614
70 71 -3.3467642433501252
70 75 -1.4564660263895455
70 79 -1.2486736747639853
71 68 -0.18328469627802094
71 70 -3.3467642433501252
71 71 9.936172409307172
71 72 -1.7122551198308904
71 79 -0.21039848923931226
71 88 -0.5025595851055651
71 240 -0.21862237887680247
71 242 -3.5732339769569093
71 253 -0.18905391966954507
72 65 -2.4418287922679403
72 68 -2.0454339421240366
72 71 -1.7122551198308904
72 72 8.242550187312704
72 253 -2.043032333089837
73 38 -2.0149177496748645
73 39 -2.2619215534978663
73 56 -2.2439591931772545
73 73 8.108784105584075
73 74 -1.5879856092340894
74 38 -0.4933708994667767
74 56 -0.6675067852348388
74 69 -2.0064776148757315
74 73 -1.5879856092340894
74 74 8.089008328159464
74 80 -1.633021953900986
74 81 -1.700645465447042
75 69 -0.9237671738941413
75 70 -1.4564660263895455
75 75 6.021626487262652
75 76 -0.8512218700014025
75 77 -1.4601042434139166
75 78 -1.3008255799340733
75 79 -0.02924159362957185
76 69 -1.709824284148309
76 75 -0.8512218700014025
76 76 9.603761908419232
76 77 -1.019518052622861
76 80 -4.054797819545323
76 83 -1.9683998821013373
77 75 -1.4601042434139166
77 76 -1.019518052622861
77 77 9.887534351112958
77 78 -2.7122599479228087
77 83 -4.601116984715182
77 84 -0.0945351224381904
78 75 -1.3008255799340733
78 77 -2.7122599479228087
78 78 9.157605096559482
78 79 -2.9882406148212466
78 84 -2.156278953881355
79 70 -1.2486736747639853
79 71 -0.21039848923931226
79 75 -0.02924159362957185
79 78 -2.9882406148212466
79 79 10.474538188909008
79 84 -1.1408742401988192
79 87 0.05620735873787313
79 88 -4.913316934993947
80 69 -0.4013941705092615
80 74 -1.633021953900986
80 76 -4.054797819545323
80 80 9.492027049470405
80 81 -1.8208193079492396
80 82 -2.5394261037375747
80 83 0.9574323061719805
81 38 -0.775978905294576
81 74 -1.700645465447042
81 80 -1.8208193079492396
81 81 7.834971897819435
81 82 -0.6608997297415267
81 92 -0.7529419014662432
81 98 -1.6186711267595948
81 99 -0.5050154611612131
82 80 -2.5394261037375747
82 81 -0.6608997297415267
82 82 8.45065627842797
82 83 -2.6284954203816167
82 85 0.5077249566627223
82 99 -1.3214198328806113
82 100 -1.8081401483493638
83 76 -1.9683998821013373
83 77 -4.601116984715182
83 80 0.9574323061719805
83 82 -2.6284954203816167
83 83 10.274794060890091
83 84 -0.21346884848700892
83 85 -1.8207452313769275
84 77 -0.0945351224381904
84 78 -2.156278953881355
84 79 -1.1408742401988192
84 83 -0.21346884848700892
84 84 7.489433964472768
84 85 -1.9608071981172064
84 86 -0.29306423399508236
84 87 -1.6304053673551058
85 82 0.5077249566627223
85 83 -1.8207452313769275
85 84 -1.9608071981172064
85 85 9.618890927102111
85 86 -3.3014515671043023
85 100 -3.291252087671678
85 101 0.24764020050527966
86 84 -0.29306423399508236
86 85 -3.3014515671043023
86 86 12.092871598270449
86 87 -6.025791981773242
86 101 -1.2189058079023565
86 104 -1.2536580074954657
87 79 0.05620735873787313
87 84 -1.6304053673551058
87 86 -6.025791981773242
87 87 14.106040330261322
87 88 -0.7996202297354889
87 104 2.073717693562396
87 226 -6.18280192750369
87 240 0.10756174008281658
87 241 -1.7049076162768815
88 71 -0.5025595851055651
88 79 -4.913316934993947
88 87 -0.7996202297354889
88 88 11.518869372153961
88 240 -5.30337262231896
89 34 -1.921772179079733
89 35 -0.8008783188728679
89 37 -1.4482842707836552
89 89 7.284204068351723
89 90 -0.5058005597686812
89 91 -1.7530412043118395
89 92 -0.8544275355349471
90 34 -1.4286395744192797
90 89 -0.5058005597686812
90 90 7.88195651008198
90 91 -2.37121565913644
90 107 -1.4285905416117455
90 122 -2.147710175145834
91 89 -1.7530412043118395
91 90 -2.37121565913644
91 91 8.157610810117767
91 92 -0.4711976457816914
91 93 -1.2032827536492525
91 94 -2.570450214093097
91 107 0.21157666685455445
92 37 -1.7694312259877836
92 38 -0.5575790113800669
92 81 -0.7529419014662432
92 89 -0.8544275355349471
92 91 -0.4711976457816914
92 92 7.130329764734121
92 93 -1.6699543020709977
92 98 -1.054798142512392
93 91 -1.2032827536492525
93 92 -1.6699543020709977
93 93 7.358912725661683
93 94 -0.2721075304450522
93 95 -1.918576600241716
93 96 -0.8501493683185304
93 97 -0.29337732433316116
93 98 -1.151464846602973
94 91 -2.570450214093097
94 93 -0.2721075304450522
94 94 8.545707047757176
94 95 -1.3158794014801753
94 107 -0.5814764217873264
94 111 -1.4475346704223777
94 112 -2.358258809529147
95 93 -1.918576600241716
95 94 -1.3158794014801753
95 95 8.315843287532921
95 96 -1.1506163386169184
95 112 -0.38899253186759647
95 115 -3.0959273448169293
95 116 -0.44585107050958467
96 93 -0.8501493683185304
96 95 -1.1506163386169184
96 96 8.32975950700413
96 97 -2.1950560482678614
96 116 -2.6514690784353596
96 119 -1.4824686733654606
97 93 -0.29337732433316116
97 96 -2.1950560482678614
97 97 8.177473026900644
97 98 -1.6930036250017126
97 99 -0.7058845251009086
97 101 -1.1333769071144006
97 102 -1.9233737697780404
97 119 -0.2334008273045602
98 81 -1.6186711267595948
98 92 -1.054798142512392
98 93 -1.151464846602973
98 97 -1.6930036250017126
98 98 7.579786415596558
98 99 -2.0618486747198856
99 81 -0.5050154611612131
99 82 -1.3214198328806113
99 97 -0.7058845251009086
99 98 -2.0618486747198856
99 99 7.733555857836056
99 100 -1.7793809251939003
99 101 -1.3600064387795374
100 82 -1.8081401483493638
100 85 -3.291252087671678
100 99 -1.7793809251939003
100 100 8.61215548150067
100 101 -1.733382320285728
101 85 0.24764020050527966
101 86 -1.2189058079023565
101 97 -1.1333769071144006
101 99 -1.3600064387795374
101 100 -1.733382320285728
101 101 10.04396032002063
101 102 -0.472365237591484
101 103 0.5024837579920661
101 104 -4.876047566844471
102 97 -1.9233737697780404
102 101 -0.472365237591484
102 102 9.320760495211012
102 103 -2.3949101888611515
102 119 -3.1634132142712565
102 120 -0.6675396545680056
102 121 -0.6991584301410728
103 101 0.5024837579920661
103 102 -2.3949101888611515
103 103 10.370356988466435
103 104 -1.315191931343873
103 105 -4.688755235914469
103 121 -1.706215845531046
103 143 -0.7363889520505988
103 144 -0.031378592757364154
104 86 -1.2536580074954657
104 87 2.073717693562396
104 101 -4.876047566844471
104 103 -1.315191931343873
104 104 12.420073813058323
104 105 0.48979808403916736
104 186 -1.3178784675079713
104 226 -1.2869300572882822
104 228 -4.933883560179824
105 103 -4.688755235914469
105 104 0.48979808403916736
105 105 12.159202379548297
105 144 -1.3485553102287762
105 147 0.594749072317458
105 152 -1.58374787109237
105 176 0.5978441302298569
105 186 -4.821544862815094
105 187 -1.3989903860840691
106 106 8.95312014285028
106 107 -2.657029711705962
106 108 -1.4577874764714145
106 109 -2.7600379588780606
106 110 -1.3590058307317978
106 111 -0.7192591650630449
107 90 -1.4285905416117455
107 91 0.21157666685455445
107 94 -0.5814764217873264
107 106 -2.657029711705962
107 107 8.074176738650252
107 108 -0.9744032629424797
107 111 -1.152584012577369
107 122 -1.4916694548799239
108 106 -1.4577874764714145
108 107 -0.9744032629424797
108 108 7.800358868869293
108 109 0.6045045778888077
108 122 -0.42087896757316684
108 123 -0.6318679081110551
108 127 -1.1526451714164196
108 128 -1.3011723917336409
108 129 -2.4661082685099234
109 106 -2.7600379588780606
109 108 0.6045045778888077
109 109 9.621155382220378
109 110 -2.8479951356424653
109 128 -2.979608166352131
109 131 -0.7693674094005052
109 138 -0.8686512898360239
110 106 -1.3590058307317978
110 109 -2.8479951356424653
110 110 8.517017465032268
110 111 -1.9113963494065764
110 113 -1.949461526525861
110 138 -0.44915862272556817
111 94 -1.4475346704223777
111 106 -0.7192591650630449
111 107 -1.152584012577369
111 110 -1.9113963494065764
111 111 7.926659509219986
111 112 -1.0500461242292543
111 113 -1.6458391875213638
112 94 -2.358258809529147
112 95 -0.38899253186759647
112 111 -1.0500461242292543
112 112 7.6962144365093375
112 113 -1.5865113360130698
112 114 -1.3867399025759934
112 115 -0.9256657322942774
113 110 -1.949461526525861
113 111 -1.6458391875213638
113 112 -1.5865113360130698
113 113 8.032548655158319
113 114 -2.0502017704756232
113 138 -0.8005348346224015
114 112 -1.3867399025759934
114 113 -2.0502017704756232
114 114 7.7601657047226205
114 115 -1.658540674756674
114 117 -1.2840901977158825
114 137 -0.4968242248968228
114 138 -0.8837689343016242
115 95 -3.0959273448169293
115 112 -0.9256657322942774
115 114 -1.658540674756674
115 115 8.144802174599452
115 116 -0.7807264403706955
115 117 -1.6839419823608743
116 95 -0.44585107050958467
116 96 -2.6514690784353596
116 115 -0.7807264403706955
116 116 7.821848969909296
116 117 -1.7449121514419375
116 118 -1.4491086130606052
116 119 -0.7497816160911138
117 114 -1.2840901977158825
117 115 -1.6839419823608743
117 116 -1.7449121514419375
117 117 7.745889031342199
117 118 -1.4173980964137198
117 120 -0.5786523719326245
117 137 -1.036894231477161
118 116 -1.4491086130606052
118 117 -1.4173980964137198
118 118 8.495073732408795
118 119 -3.3620559329755233
118 120 -2.2665110899589465
119 96 -1.4824686733654606
119 97 -0.2334008273045602
119 102 -3.1634132142712565
119 116 -0.7497816160911138
119 118 -3.3620559329755233
119 119 9.20967213996578
119 120 -0.2185518759578659
120 102 -0.6675396545680056
120 117 -0.5786523719326245
120 118 -2.2665110899589465
120 119 -0.2185518759578659
120 120 8.102037808809746
120 121 -2.3688400631051576
120 137 -0.9232989676753051
120 142 -1.07864378561184
121 102 -0.6991584301410728
121 103 -1.706215845531046
121 120 -2.3688400631051576
121 121 7.601617683083877
121 142 -1.6985614713545167
121 143 -1.128841872952084
122 33 -1.1320034953317086
122 34 -0.30921761389511715
122 90 -2.147710175145834
122 107 -1.4916694548799239
122 108 -0.42087896757316684
122 122 7.653712581170945
122 123 -2.152232874345194
123 29 -0.4599193659399496
123 33 -0.37405199374314957
123 108 -0.6318679081110551
123 122 -2.152232874345194
123 123 7.802793415323926
123 124 -2.1892234527263708
123 127 -1.995497820458207
124 0 -1.343814098834875
124 1 -1.3243798237975155
124 29 -0.8994358565701746
124 123 -2.1892234527263708
124 124 7.416756213480069
124 125 -1.0857236514314448
124 126 -0.29240739670562
124 127 -0.28177193341406737
125 0 -4.293379340731173
125 124 -1.0857236514314448
125 125 9.800265962625023
125 126 -1.7547693106627729
125 133 -2.6663936597996316
126 124 -0.29240739670562
126 125 -1.7547693106627729
126 126 8.78249948535328
126 127 -3.272451433792375
126 129 0.06731262338626845
126 132 -1.7003395979698732
126 133 -1.8298443696089084
127 108 -1.1526451714164196
127 123 -1.995497820458207
127 124 -0.28177193341406737
127 126 -3.272451433792375
127 127 8.50602266872999
127 129 -1.8036563096489227
128 108 -1.3011723917336409
128 109 -2.979608166352131
128 128 9.233877014882221
128 129 -0.47293319525454647
128 130 -3.833395853945091
128 131 -0.6467674075968128
129 108 -2.4661082685099234
129 126 0.06731262338626845
129 127 -1.8036563096489227
129 128 -0.47293319525454647
129 129 8.88265634512597
129 130 -0.7052025167900157
129 132 -3.502068678308828
130 128 -3.833395853945091
130 129 -0.7052025167900157
130 130 10.346354626607658
130 131 -0.2939362352192756
130 132 -0.1545211371866077
130 135 -4.71523591781113
130 149 -0.6440629656555379
131 109 -0.7693674094005052
131 128 -0.6467674075968128
131 130 -0.2939362352192756
131 131 8.120698365435366
131 136 -1.706500930558482
131 138 -1.3494354275678955
131 139 -0.17475111131713505
131 149 -3.1799398437752595
132 126 -1.7003395979698732
132 129 -3.502068678308828
132 130 -0.1545211371866077
132 132 9.085630290060319
132 133 0.14554834883633622
132 134 -2.7926657423520505
132 135 -1.0815834830792963
133 0 0.9609961836869525
133 125 -2.6663936597996316
133 126 -1.8298443696089084
133 132 0.14554834883633622
133 133 3.8515707243415314
133 134 -0.46187722745627996
134 132 -2.7926657423520505
134 133 -0.46187722745627996
134 134 5.382364142036483
134 135 -0.051229140269589676
134 158 -1.0059589916617622
134 159 -1.0706330402968016
135 130 -4.71523591781113
135 132 -1.0815834830792963
135 134 -0.051229140269589676
135 135 9.57523667795958
135 149 -0.35020262278469055
135 150 -0.7856317685024548
135 158 -2.591353745512419
136 131 -1.706500930558482
136 136 8.177106429274124
136 137 -0.845868607001192
136 138 -0.7180479855151918
136 139 -2.8350600627033695
136 140 -0.10502470336831721
136 141 -1.9666041401275707
137 114 -0.4968242248968228
137 117 -1.036894231477161
137 120 -0.9232989676753051
137 136 -0.845868607001192
137 137 6.997914182464534
137 138 -1.8440339458704464
137 141 -1.4707073799942187
137 142 -0.3802868255493878
138 109 -0.8686512898360239
138 110 -0.44915862272556817
138 113 -0.8005348346224015
138 114 -0.8837689343016242
138 131 -1.3494354275678955
138 136 -0.7180479855151918
138 137 -1.8440339458704464
138 138 6.91363104043915
139 131 -0.17475111131713505
139 136 -2.8350600627033695
139 139 8.636771443119077
139 140 -1.1417688667084183
139 145 -0.2761263854857287
139 148 -3.3103041126717665
139 149 -0.898760904232659
140 136 -0.10502470336831721
140 139 -1.1417688667084183
140 140 8.77586874492971
140 141 -2.704455056031818
140 142 -0.36579079469790876
140 143 -0.9663275418031505
140 145 -3.492501782320098
141 136 -1.9666041401275707
141 137 -1.4707073799942187
141 140 -2.704455056031818
141 141 8.29279080694973
141 142 -2.1510242307961236
142 120 -1.07864378561184
142 121 -1.6985614713545167
142 137 -0.3802868255493878
142 140 -0.36579079469790876
142 141 -2.1510242307961236
142 142 7.596365597685279
142 143 -1.9220584896755013
143 103 -0.7363889520505988
143 121 -1.128841872952084
143 140 -0.9663275418031505
143 142 -1.9220584896755013
143 143 9.47319149952116
143 144 -4.621874469192505
143 145 -0.09770017384732231
144 103 -0.031378592757364154
144 105 -1.3485553102287762
144 143 -4.621874469192505
144 144 9.854874288792047
144 145 -1.389732268734142
144 146 -0.05540036231974618
144 147 -2.407933285559512
145 139 -0.2761263854857287
145 140 -3.492501782320098
145 143 -0.09770017384732231
145 144 -1.389732268734142
145 145 8.698908374174408
145 146 -2.4113682352556998
145 148 -1.0314795285314171
146 144 -0.05540036231974618
146 145 -2.4113682352556998
146 146 7.837826371831995
146 147 -1.7510414592491104
146 148 -0.399131941916838
146 151 -1.3404263783541182
146 154 -1.8804579947364823
147 105 0.594749072317458
147 144 -2.407933285559512
147 146 -1.7510414592491104
147 147 9.787402407851141
147 152 -4.7066883326843385
147 153 -1.0103481410595472
147 154 -0.506140261616093
148 139 -3.3103041126717665
148 145 -1.0314795285314171
148 146 -0.399131941916838
148 148 8.239687112174721
148 149 -0.1465023667498095
148 150 -1.1086872461491266
148 151 -2.243581916155764
149 130 -0.6440629656555379
149 131 -3.1799398437752595
149 135 -0.35020262278469055
149 139 -0.898760904232659
149 148 -0.1465023667498095
149 149 9.506955356031767
149 150 -4.287486652833812
150 135 -0.7856317685024548
150 148 -1.1086872461491266
150 149 -4.287486652833812
150 150 9.316107178250181
150 151 -0.2397997845429854
150 157 -2.878402404013345
150 158 -0.016099322208457376
151 146 -1.3404263783541182
151 148 -2.243581916155764
151 150 -0.2397997845429854
151 151 7.968125528605677
151 154 0.012225542483557512
151 155 -2.7355834095528784
151 156 -0.4798311362100228
151 157 -0.9411284462734657
152 105 -1.58374787109237
152 147 -4.7066883326843385
152 152 11.34281265843251
152 153 -0.29418791523845245
152 176 -4.75818853941735
153 147 -1.0103481410595472
153 152 -0.29418791523845245
153 153 3.55887095584636
153 154 -0.6289442744421014
153 174 -0.638969863770579
153 176 -0.9864207613356804
154 146 -1.8804579947364823
154 147 -0.506140261616093
154 151 0.012225542483557512
154 153 -0.6289442744421014
154 154 3.686008178232089
154 155 -0.6826911899209699
155 151 -2.7355834095528784
155 154 -0.6826911899209699
155 155 3.9725687451348493
155 156 -0.5542941456610009
156 151 -0.4798311362100228
156 155 -0.5542941456610009
156 156 4.242396320480014
156 157 -2.9492046645253005
156 160 -0.2590663740836905
157 150 -2.878402404013345
157 151 -0.9411284462734657
157 156 -2.9492046645253005
157 157 8.413989090228924
157 158 -1.0813269009592048
157 160 -0.5639266744576072
158 134 -1.0059589916617622
158 135 -2.591353745512419
158 150 -0.016099322208457376
158 157 -1.0813269009592048
158 158 7.943914277707775
158 159 -0.8291081444576005
158 160 -2.4200671729083307
159 134 -1.0706330402968016
159 158 -0.8291081444576005
159 159 2.356205555149021
159 160 -0.45646437039461885
160 156 -0.2590663740836905
160 157 -0.5639266744576072
160 158 -2.4200671729083307
160 159 -0.45646437039461885
160 160 3.699524591844247
161 161 8.954599484694898
161 162 -2.8538221556431442
161 163 -0.27511083453467233
161 200 -1.282120076438162
161 201 -3.6972967074883702
161 223 -0.7764997953948404
161 285 -0.06974991519570793
162 161 -2.8538221556431442
162 162 7.887418344665287
162 163 -0.35389379034899254
162 208 -1.1372043094618158
162 209 -2.263252737678372
162 223 -0.6872721713128263
162 284 -0.5919731802201351
163 161 -0.27511083453467233
163 162 -0.35389379034899254
163 163 8.158058405572188
163 198 -1.9075754890430052
163 199 -0.6267367287366485
163 200 -2.8346926340658953
163 208 -2.160048928842973
164 164 5.694524297172148
164 196 -0.5083900367396355
164 197 -0.023625879291229158
164 198 -5.242207306452009
164 200 0.07969892531072595
165 165 2.68708292465778
165 170 -0.49367764024779565
165 171 -0.9958810562231005
165 197 -1.1975242281868834
166 166 3.7416667549098848
166 167 -0.34264328915399433
166 168 -2.35293659968307
166 172 -0.4967553297835712
166 173 -0.5493315362892489
167 166 -0.34264328915399433
167 167 2.5396099317382026
167 168 -1.227260623673042
167 170 -0.9697060189111664
168 166 -2.35293659968307
168 167 -1.227260623673042
168 168 8.012642934753297
168 169 -2.6825393145918914
168 170 -0.8324683262709168
168 172 -0.9174380705343772
169 168 -2.6825393145918914
169 169 9.195617461875893
169 170 -0.2353202842627916
169 171 -0.6029209411870448
169 172 -0.22339741786146944
169 177 -4.362357674234465
169 183 -1.0890818297382296
170 165 -0.49367764024779565
170 167 -0.9697060189111664
170 168 -0.8324683262709168
170 169 -0.2353202842627916
170 170 4.708661192046296
170 171 -2.177488922353626
171 165 -0.9958810562231005
171 169 -0.6029209411870448
171 170 -2.177488922353626
171 171 9.05682196468101
171 177 -0.3436474791825562
171 178 -4.438963026264741
171 197 -0.49792053946994086
172 166 -0.4967553297835712
172 168 -0.9174380705343772
172 169 -0.22339741786146944
172 172 7.982756544182978
172 173 -2.740645691078658
172 174 0.006615128015973144
172 175 -1.3509185092551397
172 183 -2.2602166536857355
173 166 -0.5493315362892489
173 172 -2.740645691078658
173 173 3.9626786014506155
173 174 -0.6727013740827082
174 153 -0.638969863770579
174 172 0.006615128015973144
174 173 -0.6727013740827082
174 174 3.680239800488256
174 175 -1.8865826974705837
174 176 -0.4886009931803583
175 172 -1.3509185092551397
175 174 -1.8865826974705837
175 175 7.84215866096641
175 176 -1.786754616312204
175 182 -2.3787237739826956
175 183 -0.4069460744551755
175 187 -0.032232989490610486
176 105 0.5978441302298569
176 152 -4.75818853941735
176 153 -0.9864207613356804
176 174 -0.4886009931803583
176 175 -1.786754616312204
176 176 9.85083455472781
176 187 -2.428713774712073
177 169 -4.362357674234465
177 171 -0.3436474791825562
177 177 9.58251588459173
177 178 -0.6002362120251512
177 179 -3.21553829017153
177 181 -0.9192466016222781
177 183 -0.14148962735574958
178 171 -4.438963026264741
178 177 -0.6002362120251512
178 178 10.058690477552277
178 179 -0.31185735467375425
178 180 -3.794421402084087
178 196 -0.44111613350605183
178 197 -0.4720963489984921
179 177 -3.21553829017153
179 178 -0.31185735467375425
179 179 8.137466355179523
179 180 -0.7132852060195344
179 181 -0.1525142526658814
179 189 -1.3103808035451658
179 190 -0.7369344373310338
179 195 -1.6969560107726238
180 178 -3.794421402084087
180 179 -0.7132852060195344
180 180 9.062052193253203
180 190 -2.714758464081248
180 196 -0.47325073517039806
180 199 -1.366336385897935
181 177 -0.9192466016222781
181 179 -0.1525142526658814
181 181 8.644954883558325
181 182 -0.2841834938715897
181 183 -3.292135953704215
181 184 -1.1321098112939734
181 195 -2.864764770400387
182 175 -2.3787237739826956
182 181 -0.2841834938715897
182 182 8.713082979386344
182 183 -1.0500672177577215
182 184 -3.5273803734847684
182 185 -0.08217645270677995
182 187 -1.3905516675827894
183 169 -1.0890818297382296
183 172 -2.2602166536857355
183 175 -0.4069460744551755
183 177 -0.14148962735574958
183 181 -3.292135953704215
183 182 -1.0500672177577215
183 183 8.239937356696826
184 181 -1.1321098112939734
184 182 -3.5273803734847684
184 184 8.829808896305417
184 185 -0.989926819290347
184 192 -0.3718197027983887
184 193 -2.749833408926483
184 195 -0.058738780511457284
185 182 -0.08217645270677995
185 184 -0.989926819290347
185 185 9.49125294939236
185 186 -0.740246141155744
185 187 -4.658544273782073
185 188 -1.1163891905735195
185 192 -1.9039700718838972
186 104 -1.3178784675079713
186 105 -4.821544862815094
186 185 -0.740246141155744
186 186 10.49615994201312
186 187 0.0012637029093124363
186 188 -1.735658588801753
186 212 -2.3947486505988254
186 228 0.5126530659569561
187 105 -1.3989903860840691
187 175 -0.032232989490610486
187 176 -2.428713774712073
187 182 -1.3905516675827894
187 185 -4.658544273782073
187 186 0.0012637029093124363
187 187 9.907769388742302
188 185 -1.1163891905735195
188 186 -1.735658588801753
188 188 7.588325770685017
188 191 -2.332054869110443
188 192 -1.6967412236719968
188 212 -0.7074818985273043
189 179 -1.3103808035451658
189 189 7.014033198048707
189 190 -1.0881168925656493
189 194 -1.9426579506689654
189 195 -0.819150619723829
189 215 -0.9105309739527514
189 217 -0.943195957592345
190 179 -0.7369344373310338
190 180 -2.714758464081248
190 189 -1.0881168925656493
190 190 9.676941311710188
190 199 0.7592318451433019
190 217 -0.2265919170531313
190 218 -2.728858736655904
190 222 -2.9409127091665233
191 188 -2.332054869110443
191 191 8.084980191973619
191 192 -1.0737666738014822
191 194 -0.9518063897259981
191 204 -0.20183066491271417
191 212 -0.653463294491206
191 213 -2.288432195153039
191 214 -0.5836261047787377
192 184 -0.3718197027983887
192 185 -1.9039700718838972
192 188 -1.6967412236719968
192 191 -1.0737666738014822
192 192 7.543822108342007
192 193 -2.090107572549979
192 194 -0.40741686363626295
193 184 -2.749833408926483
193 192 -2.090107572549979
193 193 8.309876070951885
193 194 -1.4793426782747057
193 195 -1.9905924112007172
194 189 -1.9426579506689654
194 191 -0.9518063897259981
194 192 -0.40741686363626295
194 193 -1.4793426782747057
194 194 7.031337244332235
194 195 -0.7657947581644033
194 214 -1.0085616216506386
194 215 -0.47575698221126156
195 179 -1.6969560107726238
195 181 -2.864764770400387
195 184 -0.058738780511457284
195 189 -0.819150619723829
195 193 -1.9905924112007172
195 194 -0.7657947581644033
195 195 8.195997350773418
196 164 -0.5083900367396355
196 178 -0.44111613350605183
196 180 -0.47325073517039806
196 196 8.641842933030743
196 197 -3.413868580074835
196 198 -1.2895492226873904
196 199 -2.5156682248524325
197 164 -0.023625879291229158
197 165 -1.1975242281868834
197 171 -0.49792053946994086
197 178 -0.4720963489984921
197 196 -3.413868580074835
197 197 5.60503557602138
198 163 -1.9075754890430052
198 164 -5.242207306452009
198 196 -1.2895492226873904
198 198 9.886326615836179
198 199 -1.1455962452284787
198 200 -0.30139835242529417
199 163 -0.6267367287366485
199 180 -1.366336385897935
199 190 0.7592318451433019
199 196 -2.5156682248524325
199 198 -1.1455962452284787
199 199 7.9367498312203795
199 205 -0.9751639414699849
199 208 -0.4233586490396929
199 222 -1.6431215011385085
200 161 -1.282120076438162
200 163 -2.8346926340658953
200 164 0.07969892531072595
200 198 -0.30139835242529417
200 200 4.409163844112727
200 201 -0.07065170649410182
201 161 -3.6972967074883702
201 200 -0.07065170649410182
201 201 5.046604132428137
201 285 -0.4089602361563882
201 286 -0.8696954822892774
202 202 8.37495823259372
202 203 -2.1976571479142235
202 204 -1.4769971576124192
202 219 -2.688801315526332
202 220 -1.162637270679146
202 237 -0.8488653408615989
203 202 -2.1976571479142235
203 203 8.163246345339106
203 204 -0.25082396784612754
203 212 -1.9285506834212935
203 224 -1.673652316976452
203 225 -0.7121669757679111
203 228 -1.0995914883510833
203 237 -0.30080376506201495
204 191 -0.20183066491271417
204 202 -1.4769971576124192
204 203 -0.25082396784612754
204 204 9.15262267316386
204 212 -3.065589070382758
204 213 -3.3783271844073743
204 219 -0.7790546280024665
205 199 -0.9751639414699849
205 205 8.025277852833815
205 206 -0.5825019488547055
205 207 -1.1736322400954324
205 208 -1.4870100820419525
205 210 -1.4116531228332194
205 211 0.19507901954923687
205 222 -2.5903955370877574
206 205 -0.5825019488547055
206 206 8.571209861599119
206 207 -1.389464742525245
206 211 -2.608412219315928
206 220 -1.276069114416504
206 221 -2.4326593208876064
206 237 -0.2821025155991291
207 205 -1.1736322400954324
207 206 -1.389464742525245
207 207 8.290530266053073
207 217 -1.7703088903137307
207 218 -2.462182277499858
207 221 -1.0941173409284597
207 222 -0.40082477469034805
208 162 -1.1372043094618158
208 163 -2.160048928842973
208 199 -0.4233586490396929
208 205 -1.4870100820419525
208 208 7.664252149240712
208 209 -0.29820700162662317
208 210 -2.1584231782276553
209 162 -2.263252737678372
209 208 -0.29820700162662317
209 209 7.519671726669787
209 210 -1.4610658236283418
209 238 -1.927819466911037
209 239 -0.8411850895763009
209 284 -0.7281416072491123
210 205 -1.4116531228332194
210 208 -2.1584231782276553
210 209 -1.4610658236283418
210 210 7.867744774058391
210 211 -2.3424212449259
210 238 -0.49418140444327385
211 205 0.19507901954923687
211 206 -2.608412219315928
211 210 -2.3424212449259
211 211 8.162528999887984
211 233 -0.4655854209297583
211 237 -1.1948606881395045
211 238 -1.74632844612613
212 186 -2.3947486505988254
212 188 -0.7074818985273043
212 191 -0.653463294491206
212 203 -1.9285506834212935
212 204 -3.065589070382758
212 212 9.247740283891918
212 228 -0.49790668647053193
213 191 -2.288432195153039
213 204 -3.3783271844073743
213 213 8.544670756675204
213 214 -1.4210701880163312
213 219 -1.45684118909846
214 191 -0.5836261047787377
214 194 -1.0085616216506386
214 213 -1.4210701880163312
214 214 7.761236569465424
214 215 -1.2615657338465633
214 216 -1.7648488479731346
214 219 -1.7215640732000188
215 189 -0.9105309739527514
215 194 -0.47575698221126156
215 214 -1.2615657338465633
215 215 7.694631564063498
215 216 -1.6540208638764407
215 217 -1.8537821274002444
215 221 -1.5389748827762368
216 214 -1.7648488479731346
216 215 -1.6540208638764407
216 216 8.17644575566528
216 219 -0.7379266446198107
216 220 -3.112530877493628
216 221 -0.9071185217022681
217 189 -0.943195957592345
217 190 -0.2265919170531313
217 207 -1.7703088903137307
217 215 -1.8537821274002444
217 217 7.994121503597767
217 218 -1.8675500639598486
217 221 -1.3326925472784668
218 190 -2.728858736655904
218 207 -2.462182277499858
218 217 -1.8675500639598486
218 218 9.008276198065701
218 222 -1.9496851199500904
219 202 -2.688801315526332
219 204 -0.7790546280024665
219 213 -1.45684118909846
219 214 -1.7215640732000188
219 216 -0.7379266446198107
219 219 7.835404915431849
219 220 -0.4512170649847604
220 202 -1.162637270679146
220 206 -1.276069114416504
220 216 -3.112530877493628
220 219 -0.4512170649847604
220 220 8.3156523764915
220 221 -0.39441185818618646
220 237 -1.918786190731275
221 206 -2.4326593208876064
221 207 -1.0941173409284597
221 215 -1.5389748827762368
221 216 -0.9071185217022681
221 217 -1.3326925472784668
221 220 -0.39441185818618646
221 221 7.699974471759224
222 190 -2.9409127091665233
222 199 -1.6431215011385085
222 205 -2.5903955370877574
222 207 -0.40082477469034805
222 218 -1.9496851199500904
222 222 9.524939642033228
