0 0 4.738961658542231
0 1 -0.06276440266313746
0 124 -1.3438140988348752
0 125 -4.293379340731171
0 133 0.9609961836869526
1 0 -0.06276440266313746
1 1 5.279959627199947
1 2 -1.0104314292927166
1 28 0.06438946704623755
1 29 -2.946773438492814
1 124 -1.324379823797516
2 1 -1.0104314292927166
2 2 4.439981551025811
2 3 -0.5323936350459363
2 28 -2.897156486687159
3 2 -0.5323936350459363
3 3 3.0038092892218344
3 4 -0.6029977212400254
3 28 -1.8684179329358728
4 3 -0.6029977212400254
4 4 5.106829822269848
4 8 0.08041671172685803
4 9 -4.08048010097124
4 28 -0.5037687117854417
5 5 6.81576316712925
5 6 -0.6022885708956495
5 8 0.5693287549186183
5 13 -5.784196410622015
5 14 0.03747310529464984
5 16 -1.0360800458248538
6 5 -0.6022885708956495
6 6 3.502665306275079
6 7 -0.11719831910783858
6 14 -2.106862412021548
6 15 -0.6763160042500429
7 6 -0.11719831910783858
7 7 4.093029314659944
7 15 -2.8966365503069658
7 19 -0.5817809636247464
7 295 -0.49741348162039345
8 4 0.08041671172685803
8 5 0.5693287549186183
8 8 4.21740493317602
8 9 -0.03150157322621816
8 10 -1.238647822018275
8 11 -1.3212748499881037
8 12 -2.0997017595091974
8 13 -0.17602439507970213
9 4 -4.08048010097124
9 8 -0.03150157322621816
9 9 10.069860789388157
9 10 -3.5807793363002913
9 28 -0.772606046175188
9 30 -1.6044937327152193
10 8 -1.238647822018275
10 9 -3.5807793363002913
10 10 9.188620602402484
10 11 -1.157788936642569
10 30 0.026414162494310445
10 31 -0.3905770612318556
10 32 -2.8472416087038024
11 8 -1.3212748499881037
11 10 -1.157788936642569
11 11 7.464595789974709
11 12 -1.2825215057724417
11 25 -0.7729527012214106
11 32 -1.9002288343582816
11 36 0.18254188290966544
11 40 -1.2123708449015675
12 8 -2.0997017595091974
12 11 -1.2825215057724417
12 12 8.844264129718443
12 13 -3.234424048999493
12 24 -0.5371179716008383
12 25 -1.6904988438364732
13 5 -5.784196410622015
13 8 -0.17602439507970213
13 12 -3.234424048999493
13 13 11.884568548424223
13 16 -0.26953506728608695
13 24 -2.420388626436927
14 5 0.03747310529464984
14 6 -2.106862412021548
14 14 7.95254832700901
14 15 -1.0640607042355614
14 16 -2.959288462797474
14 17 -1.0614339339685974
14 18 -0.7983759192804794
15 6 -0.6763160042500429
15 7 -2.8966365503069658
15 14 -1.0640607042355614
15 15 8.362232661992069
15 18 -2.950662654474482
15 19 -0.7745567487250165
16 5 -1.0360800458248538
16 13 -0.26953506728608695
16 14 -2.959288462797474
16 16 7.827167387675127
16 17 -0.750891261541911
16 24 -1.3958934686308337
16 27 -1.4154790815939673
17 14 -1.0614339339685974
17 16 -0.750891261541911
17 17 6.977973414406874
17 18 -1.7820360700519995
17 20 -1.0511168360923346
17 21 -1.1355959590650038
17 27 -1.1968993536870274
18 14 -0.7983759192804794
18 15 -2.950662654474482
18 17 -1.7820360700519995
18 18 8.082784682977287
18 19 -0.4176737874960916
18 20 -2.1340362516742353
19 7 -0.5817809636247464
19 15 -0.7745567487250165
19 18 -0.4176737874960916
19 19 7.643329571516091
19 20 -0.6121778642035366
19 23 -3.022197838210584
19 294 -0.17222588172728742
19 295 -1.4629897429441088
19 296 -0.5997267445847205
20 17 -1.0511168360923346
20 18 -2.1340362516742353
20 19 -0.6121778642035366
20 20 7.2165257064077135
20 21 -1.8200028615870267
20 22 -0.4065590949283819
20 23 -1.1926327979221987
21 17 -1.1355959590650038
21 20 -1.8200028615870267
21 21 7.287744204895699
21 22 -0.6848809460896589
21 27 -0.8762134179918113
21 41 -1.5891737278214173
21 42 -1.1818772923407819
22 20 -0.4065590949283819
22 21 -0.6848809460896589
22 22 7.418267619961382
22 23 -2.806930345879305
22 41 -0.5349618850419567
22 44 -1.3939032942042138
22 272 -0.6676509763628813
22 277 -0.5424910846358761
22 296 -0.3808899928191084
23 19 -3.022197838210584
23 20 -1.1926327979221987
23 22 -2.806930345879305
23 23 8.27803677844193
23 296 -1.2562757964298412
24 12 -0.5371179716008383
24 13 -2.420388626436927
24 16 -1.3958934686308337
24 24 7.574045637168659
24 25 -1.1082505843279085
24 26 -1.6885423326861482
24 27 -0.4238526534860031
25 11 -0.7729527012214106
25 12 -1.6904988438364732
25 24 -1.1082505843279085
25 25 7.518202796343987
25 26 -1.6146606060665052
25 40 -2.104773011456135
25 55 -0.22706704943555464
26 24 -1.6885423326861482
26 25 -1.6146606060665052
26 26 7.440622745841671
26 27 -1.424345212439456
26 54 -1.5118250295811109
26 55 -1.201249565068451
27 16 -1.4154790815939673
27 17 -1.1968993536870274
27 21 -0.8762134179918113
27 24 -0.4238526534860031
27 26 -1.424345212439456
27 27 7.018867083799436
27 42 -0.3989042366576301
27 54 -1.2831731279435408
28 1 0.06438946704623755
28 2 -2.897156486687159
28 3 -1.8684179329358728
28 4 -0.5037687117854417
28 9 -0.772606046175188
28 28 8.483815968639032
28 29 -0.38562818621586026
28 30 -2.120628071885747
29 1 -2.946773438492814
29 28 -0.38562818621586026
29 29 8.376493144576752
29 30 -0.7885959847537063
29 33 -2.8961403126042464
29 123 -0.4599193659399498
29 124 -0.8994358565701748
30 9 -1.6044937327152193
30 10 0.026414162494310445
30 28 -2.120628071885747
30 29 -0.7885959847537063
30 30 8.267597762924328
30 31 -3.098520458860075
30 33 -0.6817736772038908
31 10 -0.3905770612318556
31 30 -3.098520458860075
31 31 7.969973732514961
31 32 -1.2402873279041513
31 33 -0.5671558875712144
31 34 -0.7322711010909617
31 35 -1.9411618958567032
32 10 -2.8472416087038024
32 11 -1.9002288343582816
32 31 -1.2402873279041513
32 32 8.06793214630653
32 35 -0.5949250285279734
32 36 -1.485249346812322
33 29 -2.8961403126042464
33 30 -0.6817736772038908
33 31 -0.5671558875712144
33 33 7.905309438638679
33 34 -2.2541840721844686
33 122 -1.1320034953317089
33 123 -0.3740519937431496
34 31 -0.7322711010909617
34 33 -2.2541840721844686
34 34 7.5089117863704455
34 35 -0.8628272457008834
34 89 -1.921772179079733
34 90 -1.4286395744192801
34 122 -0.3092176138951173
35 31 -1.9411618958567032
35 32 -0.5949250285279734
35 34 -0.8628272457008834
35 35 7.363613472516958
35 36 -1.1890249086145854
35 37 -1.9747960749439453
35 89 -0.8008783188728679
36 11 0.18254188290966544
36 32 -1.485249346812322
36 35 -1.1890249086145854
36 36 7.505047281418845
36 37 -0.5459678388944631
36 38 -0.850610972611714
36 39 -1.355450731658907
36 40 -2.2612853657365175
37 35 -1.9747960749439453
37 36 -0.5459678388944631
37 37 7.617916690173779
37 38 -1.8794372795639327
37 89 -1.4482842707836552
37 92 -1.7694312259877831
38 36 -0.850610972611714
38 37 -1.8794372795639327
38 38 7.516188402362126
38 39 -0.944293584370195
38 73 -2.0149177496748645
38 74 -0.4933708994667768
38 81 -0.7759789052945765
38 92 -0.5575790113800669
39 36 -1.355450731658907
39 38 -0.944293584370195
39 39 7.4859991188137505
39 40 -0.7650054219896327
39 55 -1.4526587500318016
39 56 -0.7066690772653486
39 73 -2.2619215534978654
40 11 -1.2123708449015675
40 25 -2.104773011456135
40 36 -2.2612853657365175
40 39 -0.7650054219896327
40 40 7.79302639472299
40 55 -1.4495917506391371
41 21 -1.5891737278214173
41 22 -0.5349618850419567
41 41 8.348399143868573
41 42 -1.6323700600344595
41 43 -2.7612792087184532
41 44 -1.8306142622522854
42 21 -1.1818772923407819
42 27 -0.3989042366576301
42 41 -1.6323700600344595
42 42 8.046400325298528
42 43 -0.33490051581003044
42 45 -2.3187199189471666
42 46 -0.7053068825436899
42 54 -1.474321418964769
43 41 -2.7612792087184532
43 42 -0.33490051581003044
43 43 7.955972433920387
43 44 -0.10291799708331789
43 45 -1.1527328722661536
43 48 -1.7379764406751388
43 49 -1.639252224627075
43 50 -0.22691317474021788
44 22 -1.3939032942042138
44 41 -1.8306142622522854
44 43 -0.10291799708331789
44 44 8.712090616868846
44 50 -3.470094007901155
44 274 -0.07633272439925329
44 277 -1.8382283310286207
45 42 -2.3187199189471666
45 43 -1.1527328722661536
45 45 7.331456593532124
45 46 -0.992509736281147
45 47 -1.669396338441711
45 48 -1.198097727595946
46 42 -0.7053068825436899
46 45 -0.992509736281147
46 46 10.081084769451909
46 47 -4.424549685247424
46 54 -2.9724336716168427
46 55 -0.9862847937628063
47 45 -1.669396338441711
47 46 -4.424549685247424
47 47 11.827825694752388
47 48 -0.5174892531511762
47 55 0.8643486050562755
47 59 -4.9585630785875745
47 60 -1.1221759443807784
48 43 -1.7379764406751388
48 45 -1.198097727595946
48 47 -0.5174892531511762
48 48 6.949010744207717
48 49 -1.0855509988904561
48 51 -0.9268195814182163
48 60 -1.4830767424767828
49 43 -1.639252224627075
49 48 -1.0855509988904561
49 49 7.604581971256216
49 50 -1.232887302725474
49 51 -1.2440376422206416
49 52 -0.6288403523602737
49 53 -1.7740134504322955
50 43 -0.22691317474021788
50 44 -3.470094007901155
50 49 -1.232887302725474
50 50 9.177444554408245
50 53 -2.720553631010258
50 274 -0.2814585985962453
50 275 -1.2455378394348942
51 48 -0.9268195814182163
51 49 -1.2440376422206416
51 51 7.202351453647918
51 52 -0.9181373294826947
51 60 -1.4925276507631735
51 61 -0.24325808958084189
51 62 -0.7488939489469494
51 63 -1.6286772112354004
52 49 -0.6288403523602737
52 51 -0.9181373294826947
52 52 7.393311794720669
52 53 -1.8568925214403011
52 62 -0.5757543716976768
52 66 -1.0958673054514003
52 255 -0.9595714551338204
52 260 -0.6770004273911592
52 275 -0.6812480317633418
53 49 -1.7740134504322955
53 50 -2.720553631010258
53 52 -1.8568925214403011
53 53 8.060649118252972
53 275 -1.7091895153701158
54 26 -1.5118250295811109
54 27 -1.2831731279435408
54 42 -1.474321418964769
54 46 -2.9724336716168427
54 54 8.164648962264206
54 55 -0.9228957141579417
55 25 -0.22706704943555464
55 26 -1.201249565068451
55 39 -1.4526587500318016
55 40 -1.4495917506391371
55 46 -0.9862847937628063
55 47 0.8643486050562755
55 54 -0.9228957141579417
55 55 7.208824881182762
55 56 -0.2510523767779099
55 57 -0.060741015147750155
55 58 -0.14767748279048198
55 59 -1.373954988427204
56 39 -0.7066690772653486
56 55 -0.2510523767779099
56 56 9.375560059383464
56 57 -3.704342333930037
56 67 -1.4080742388984677
56 68 0.19908150792437307
56 69 -0.593037562023981
56 73 -2.243959193177254
56 74 -0.6675067852348391
57 55 -0.060741015147750155
57 56 -3.704342333930037
57 57 11.749898845675528
57 58 -5.696112303312467
57 61 -1.039127713573422
57 67 -1.2495754797118532
58 55 -0.14767748279048198
58 57 -5.696112303312467
58 58 13.76142222904077
58 59 -6.261716926302254
58 60 -0.7661355588136343
58 61 -0.8897799578219323
59 47 -4.9585630785875745
59 55 -1.373954988427204
59 58 -6.261716926302254
59 59 13.291203369925341
59 60 -0.696968376608309
60 47 -1.1221759443807784
60 48 -1.4830767424767828
60 51 -1.4925276507631735
60 58 -0.7661355588136343
60 59 -0.696968376608309
60 60 7.512491921450457
60 61 -1.9516076484077791
61 51 -0.24325808958084189
61 57 -1.039127713573422
61 58 -0.8897799578219323
61 60 -1.9516076484077791
61 61 7.506291038222273
61 63 -1.3631123052588092
61 67 -2.019405323579488
62 51 -0.7488939489469494
62 52 -0.5757543716976768
62 62 7.863457768667837
62 63 -1.6309912249525362
62 64 -1.3903408280448353
62 65 -0.4887787646697527
62 66 -3.0286986303560868
63 51 -1.6286772112354004
63 61 -1.3631123052588092
63 62 -1.6309912249525362
63 63 7.430274657855371
63 64 -1.4364663276975038
63 67 -1.3710275887111212
64 62 -1.3903408280448353
64 63 -1.4364663276975038
64 64 7.9044680938024205
64 65 -1.047614391052575
64 67 -0.9486276910396028
64 68 -3.0814188559679034
65 62 -0.4887787646697527
65 64 -1.047614391052575
65 65 7.301917731477045
65 66 -1.5090768233259304
65 68 -0.1104490966983321
65 72 -2.44182879226794
65 252 -1.141342573056224
65 253 -0.08719706074666289
65 260 -0.4756302296596284
66 52 -1.0958673054514003
66 62 -3.0286986303560868
66 65 -1.5090768233259304
66 66 8.595022834084043
66 260 -2.9613800749506254
67 56 -1.4080742388984677
67 57 -1.2495754797118532
67 61 -2.019405323579488
67 63 -1.3710275887111212
67 64 -0.9486276910396028
67 67 8.465309357462267
67 68 -1.468599035521736
68 56 0.19908150792437307
68 64 -3.0814188559679034
68 65 -0.1104490966983321
68 67 -1.468599035521736
68 68 9.001160015273406
68 69 -0.914536872112918
68 70 -1.3965190244948298
68 71 -0.18328469627802116
68 72 -2.0454339421240366
69 56 -0.593037562023981
69 68 -0.914536872112918
69 69 7.911736272158474
69 70 -1.3626985945941303
69 74 -2.006477614875733
69 75 -0.9237671738941411
69 76 -1.7098242841483098
69 80 -0.401394170509262
70 68 -1.3965190244948298
70 69 -1.3626985945941303
70 70 8.811121563592618
70 71 -3.346764243350126
70 75 -1.4564660263895464
70 79 -1.2486736747639862
71 68 -0.18328469627802116
71 70 -3.346764243350126
71 71 9.936172409307172
71 72 -1.7122551198308904
71 79 -0.21039848923931248
71 88 -0.5025595851055654
71 240 -0.21862237887680258
71 242 -3.573233976956909
71 253 -0.18905391966954513
72 65 -2.44182879226794
72 68 -2.0454339421240366
72 71 -1.7122551198308904
72 72 8.242550187312704
72 253 -2.043032333089837
73 38 -2.0149177496748645
73 39 -2.2619215534978654
73 56 -2.243959193177254
73 73 8.108784105584073
73 74 -1.5879856092340894
74 38 -0.4933708994667768
74 56 -0.6675067852348391
74 69 -2.006477614875733
74 73 -1.5879856092340894
74 74 8.089008328159467
74 80 -1.633021953900987
74 81 -1.7006454654470424
75 69 -0.9237671738941411
75 70 -1.4564660263895464
75 75 6.021626487262652
75 76 -0.8512218700014023
75 77 -1.4601042434139169
75 78 -1.3008255799340738
75 79 -0.029241593629572016
76 69 -1.7098242841483098
76 75 -0.8512218700014023
76 76 9.603761908419232
76 77 -1.019518052622861
76 80 -4.054797819545321
76 83 -1.968399882101338
77 75 -1.4601042434139169
77 76 -1.019518052622861
77 77 9.88753435111296
77 78 -2.7122599479228082
77 83 -4.601116984715183
77 84 -0.09453512243819029
78 75 -1.3008255799340738
78 77 -2.7122599479228082
78 78 9.157605096559484
78 79 -2.988240614821247
78 84 -2.1562789538813556
79 70 -1.2486736747639862
79 71 -0.21039848923931248
79 75 -0.029241593629572016
79 78 -2.988240614821247
79 79 10.474538188909015
79 84 -1.1408742401988199
79 87 0.056207358737872956
79 88 -4.913316934993951
80 69 -0.401394170509262
80 74 -1.633021953900987
80 76 -4.054797819545321
80 80 9.492027049470407
80 81 -1.82081930794924
80 82 -2.5394261037375747
80 83 0.9574323061719799
81 38 -0.7759789052945765
81 74 -1.7006454654470424
81 80 -1.82081930794924
81 81 7.834971897819438
81 82 -0.6608997297415264
81 92 -0.7529419014662435
81 98 -1.6186711267595952
81 99 -0.5050154611612132
82 80 -2.5394261037375747
82 81 -0.6608997297415264
82 82 8.45065627842797
82 83 -2.6284954203816167
82 85 0.5077249566627221
82 99 -1.3214198328806115
82 100 -1.8081401483493633
83 76 -1.968399882101338
83 77 -4.601116984715183
83 80 0.9574323061719799
83 82 -2.6284954203816167
83 83 10.274794060890095
83 84 -0.21346884848700903
83 85 -1.820745231376928
84 77 -0.09453512243819029
84 78 -2.1562789538813556
84 79 -1.1408742401988199
84 83 -0.21346884848700903
84 84 7.48943396447277
84 85 -1.9608071981172066
84 86 -0.29306423399508263
84 87 -1.6304053673551064
85 82 0.5077249566627221
85 83 -1.820745231376928
85 84 -1.9608071981172066
85 85 9.618890927102115
85 86 -3.3014515671043037
85 100 -3.291252087671677
85 101 0.2476402005052793
86 84 -0.29306423399508263
86 85 -3.3014515671043037
86 86 12.092871598270463
86 87 -6.025791981773254
86 101 -1.2189058079023565
86 104 -1.2536580074954657
87 79 0.056207358737872956
87 84 -1.6304053673551064
87 86 -6.025791981773254
87 87 14.106040330261315
87 88 -0.7996202297354889
87 104 2.073717693562396
87 226 -6.182801927503671
87 240 0.10756174008281646
87 241 -1.7049076162768828
88 71 -0.5025595851055654
88 79 -4.913316934993951
88 87 -0.7996202297354889
88 88 11.518869372153967
88 240 -5.303372622318962
89 34 -1.921772179079733
89 35 -0.8008783188728679
89 37 -1.4482842707836552
89 89 7.284204068351723
89 90 -0.5058005597686813
89 91 -1.7530412043118395
89 92 -0.8544275355349473
90 34 -1.4286395744192801
90 89 -0.5058005597686813
90 90 7.881956510081983
90 91 -2.3712156591364404
90 107 -1.4285905416117464
90 122 -2.147710175145834
91 89 -1.7530412043118395
91 90 -2.3712156591364404
91 91 8.157610810117767
91 92 -0.47119764578169154
91 93 -1.2032827536492527
91 94 -2.570450214093097
91 107 0.21157666685455437
92 37 -1.7694312259877831
92 38 -0.5575790113800669
92 81 -0.7529419014662435
92 89 -0.8544275355349473
92 91 -0.47119764578169154
92 92 7.130329764734123
92 93 -1.6699543020709982
92 98 -1.054798142512392
93 91 -1.2032827536492527
93 92 -1.6699543020709982
93 93 7.3589127256616855
93 94 -0.2721075304450523
93 95 -1.9185766002417168
93 96 -0.8501493683185304
93 97 -0.2933773243331613
93 98 -1.1514648466029735
94 91 -2.570450214093097
94 93 -0.2721075304450523
94 94 8.545707047757176
94 95 -1.3158794014801747
94 107 -0.5814764217873265
94 111 -1.4475346704223777
94 112 -2.358258809529147
95 93 -1.9185766002417168
95 94 -1.3158794014801747
95 95 8.31584328753292
95 96 -1.1506163386169181
95 112 -0.3889925318675967
95 115 -3.095927344816928
95 116 -0.44585107050958495
96 93 -0.8501493683185304
96 95 -1.1506163386169181
96 96 8.32975950700413
96 97 -2.1950560482678605
96 116 -2.651469078435359
96 119 -1.482468673365461
97 93 -0.2933773243331613
97 96 -2.1950560482678605
97 97 8.177473026900644
97 98 -1.6930036250017126
97 99 -0.7058845251009086
97 101 -1.1333769071144002
97 102 -1.9233737697780409
97 119 -0.23340082730456047
98 81 -1.6186711267595952
98 92 -1.054798142512392
98 93 -1.1514648466029735
98 97 -1.6930036250017126
98 98 7.579786415596559
98 99 -2.0618486747198865
99 81 -0.5050154611612132
99 82 -1.3214198328806115
99 97 -0.7058845251009086
99 98 -2.0618486747198865
99 99 7.733555857836057
99 100 -1.7793809251939001
99 101 -1.3600064387795376
100 82 -1.8081401483493633
100 85 -3.291252087671677
100 99 -1.7793809251939001
100 100 8.612155481500668
100 101 -1.733382320285728
101 85 0.2476402005052793
101 86 -1.2189058079023565
101 97 -1.1333769071144002
101 99 -1.3600064387795376
101 100 -1.733382320285728
101 101 10.043960320020634
101 102 -0.4723652375914837
101 103 0.5024837579920658
101 104 -4.876047566844473
102 97 -1.9233737697780409
102 101 -0.4723652375914837
102 102 9.320760495211013
102 103 -2.3949101888611533
102 119 -3.163413214271255
102 120 -0.6675396545680057
102 121 -0.6991584301410733
103 101 0.5024837579920658
103 102 -2.3949101888611533
103 103 10.370356988466444
103 104 -1.3151919313438727
103 105 -4.688755235914472
103 121 -1.7062158455310463
103 143 -0.7363889520505994
103 144 -0.031378592757364376
104 86 -1.2536580074954657
104 87 2.073717693562396
104 101 -4.876047566844473
104 103 -1.3151919313438727
104 104 12.420073813058325
104 105 0.4897980840391671
104 186 -1.3178784675079718
104 226 -1.2869300572882818
104 228 -4.933883560179826
105 103 -4.688755235914472
105 104 0.4897980840391671
105 105 12.159202379548296
105 144 -1.3485553102287757
105 147 0.5947490723174579
105 152 -1.58374787109237
105 176 0.5978441302298567
105 186 -4.82154486281509
105 187 -1.3989903860840691
106 106 8.953120142850283
106 107 -2.657029711705964
106 108 -1.4577874764714145
106 109 -2.760037958878062
106 110 -1.3590058307317983
106 111 -0.7192591650630453
107 90 -1.4285905416117464
107 91 0.21157666685455437
107 94 -0.5814764217873265
107 106 -2.657029711705964
107 107 8.074176738650257
107 108 -0.9744032629424804
107 111 -1.1525840125773688
107 122 -1.4916694548799243
108 106 -1.4577874764714145
108 107 -0.9744032629424804
108 108 7.80035886886929
108 109 0.6045045778888075
108 122 -0.42087896757316684
108 123 -0.6318679081110552
108 127 -1.1526451714164196
108 128 -1.3011723917336409
108 129 -2.466108268509921
109 106 -2.760037958878062
109 108 0.6045045778888075
109 109 9.621155382220378
109 110 -2.8479951356424635
109 128 -2.97960816635213
109 131 -0.7693674094005052
109 138 -0.868651289836024
110 106 -1.3590058307317983
110 109 -2.8479951356424635
110 110 8.51701746503227
110 111 -1.9113963494065769
110 113 -1.9494615265258617
110 138 -0.44915862272556817
111 94 -1.4475346704223777
111 106 -0.7192591650630453
111 107 -1.1525840125773688
111 110 -1.9113963494065769
111 111 7.926659509219986
111 112 -1.050046124229254
111 113 -1.6458391875213634
112 94 -2.358258809529147
112 95 -0.3889925318675967
112 111 -1.050046124229254
112 112 7.696214436509338
112 113 -1.5865113360130703
112 114 -1.3867399025759934
112 115 -0.9256657322942776
113 110 -1.9494615265258617
113 111 -1.6458391875213634
113 112 -1.5865113360130703
113 113 8.03254865515832
113 114 -2.0502017704756237
113 138 -0.8005348346224013
114 112 -1.3867399025759934
114 113 -2.0502017704756237
114 114 7.7601657047226205
114 115 -1.658540674756674
114 117 -1.284090197715882
114 137 -0.49682422489682304
114 138 -0.8837689343016244
115 95 -3.095927344816928
115 112 -0.9256657322942776
115 114 -1.658540674756674
115 115 8.14480217459945
115 116 -0.7807264403706957
115 117 -1.6839419823608748
116 95 -0.44585107050958495
116 96 -2.651469078435359
116 115 -0.7807264403706957
116 116 7.821848969909296
116 117 -1.7449121514419375
116 118 -1.449108613060605
116 119 -0.749781616091114
117 114 -1.284090197715882
117 115 -1.6839419823608748
117 116 -1.7449121514419375
117 117 7.745889031342199
117 118 -1.4173980964137196
117 120 -0.5786523719326243
117 137 -1.0368942314771612
118 116 -1.449108613060605
118 117 -1.4173980964137196
118 118 8.495073732408791
118 119 -3.3620559329755206
118 120 -2.2665110899589465
119 96 -1.482468673365461
119 97 -0.23340082730456047
119 102 -3.163413214271255
119 116 -0.749781616091114
119 118 -3.3620559329755206
119 119 9.209672139965777
119 120 -0.21855187595786624
120 102 -0.6675396545680057
120 117 -0.5786523719326243
120 118 -2.2665110899589465
120 119 -0.21855187595786624
120 120 8.102037808809746
120 121 -2.3688400631051576
120 137 -0.923298967675305
120 142 -1.0786437856118405
121 102 -0.6991584301410733
121 103 -1.7062158455310463
121 120 -2.3688400631051576
121 121 7.601617683083877
121 142 -1.6985614713545167
121 143 -1.128841872952084
122 33 -1.1320034953317089
122 34 -0.3092176138951173
122 90 -2.147710175145834
122 107 -1.4916694548799243
122 108 -0.42087896757316684
122 122 7.6537125811709465
122 123 -2.1522328743451946
123 29 -0.4599193659399498
123 33 -0.3740519937431496
123 108 -0.6318679081110552
123 122 -2.1522328743451946
123 123 7.802793415323926
123 124 -2.1892234527263703
123 127 -1.995497820458207
124 0 -1.3438140988348752
124 1 -1.324379823797516
124 29 -0.8994358565701748
124 123 -2.1892234527263703
124 124 7.416756213480069
124 125 -1.0857236514314448
124 126 -0.29240739670562027
124 127 -0.2817719334140675
125 0 -4.293379340731171
125 124 -1.0857236514314448
125 125 9.80026596262502
125 126 -1.7547693106627724
125 133 -2.666393659799632
126 124 -0.29240739670562027
126 125 -1.7547693106627724
126 126 8.78249948535328
126 127 -3.272451433792374
126 129 0.06731262338626848
126 132 -1.7003395979698739
126 133 -1.8298443696089082
127 108 -1.1526451714164196
127 123 -1.995497820458207
127 124 -0.2817719334140675
127 126 -3.272451433792374
127 127 8.506022668729992
127 129 -1.803656309648923
128 108 -1.3011723917336409
128 109 -2.97960816635213
128 128 9.233877014882221
128 129 -0.47293319525454647
128 130 -3.833395853945091
128 131 -0.6467674075968131
129 108 -2.466108268509921
129 126 0.06731262338626848
129 127 -1.803656309648923
129 128 -0.47293319525454647
129 129 8.882656345125966
129 130 -0.7052025167900157
129 132 -3.5020686783088273
130 128 -3.833395853945091
130 129 -0.7052025167900157
130 130 10.346354626607658
130 131 -0.2939362352192756
130 132 -0.1545211371866079
130 135 -4.715235917811131
130 149 -0.6440629656555381
131 109 -0.7693674094005052
131 128 -0.6467674075968131
131 130 -0.2939362352192756
131 131 8.120698365435368
131 136 -1.7065009305584824
131 138 -1.3494354275678955
131 139 -0.1747511113171348
131 149 -3.1799398437752613
132 126 -1.7003395979698739
132 129 -3.5020686783088273
132 130 -0.1545211371866079
132 132 9.085630290060319
132 133 0.14554834883633605
132 134 -2.7926657423520505
132 135 -1.0815834830792963
133 0 0.9609961836869526
133 125 -2.666393659799632
133 126 -1.8298443696089082
133 132 0.14554834883633605
133 133 3.8515707243415314
133 134 -0.46187722745627974
134 132 -2.7926657423520505
134 133 -0.46187722745627974
134 134 5.382364142036485
134 135 -0.05122914026958984
134 158 -1.0059589916617624
134 159 -1.0706330402968023
135 130 -4.715235917811131
135 132 -1.0815834830792963
135 134 -0.05122914026958984
135 135 9.575236677959584
135 149 -0.3502026227846909
135 150 -0.785631768502455
135 158 -2.5913537455124196
136 131 -1.7065009305584824
136 136 8.177106429274128
136 137 -0.8458686070011923
136 138 -0.7180479855151919
136 139 -2.8350600627033717
136 140 -0.10502470336831743
136 141 -1.9666041401275707
137 114 -0.49682422489682304
137 117 -1.0368942314771612
137 120 -0.923298967675305
137 136 -0.8458686070011923
137 137 6.997914182464534
137 138 -1.8440339458704464
137 141 -1.4707073799942183
137 142 -0.38028682554938775
138 109 -0.868651289836024
138 110 -0.44915862272556817
138 113 -0.8005348346224013
138 114 -0.8837689343016244
138 131 -1.3494354275678955
138 136 -0.7180479855151919
138 137 -1.8440339458704464
138 138 6.913631040439152
139 131 -0.1747511113171348
139 136 -2.8350600627033717
139 139 8.63677144311908
139 140 -1.1417688667084183
139 145 -0.2761263854857286
139 148 -3.3103041126717683
139 149 -0.898760904232659
140 136 -0.10502470336831743
140 139 -1.1417688667084183
140 140 8.77586874492971
140 141 -2.704455056031817
140 142 -0.36579079469790904
140 143 -0.9663275418031507
140 145 -3.4925017823200974
141 136 -1.9666041401275707
141 137 -1.4707073799942183
141 140 -2.704455056031817
141 141 8.292790806949728
141 142 -2.1510242307961236
142 120 -1.0786437856118405
142 121 -1.6985614713545167
142 137 -0.38028682554938775
142 140 -0.36579079469790904
142 141 -2.1510242307961236
142 142 7.596365597685279
142 143 -1.9220584896755013
143 103 -0.7363889520505994
143 121 -1.128841872952084
143 140 -0.9663275418031507
143 142 -1.9220584896755013
143 143 9.473191499521164
143 144 -4.621874469192507
143 145 -0.09770017384732253
144 103 -0.031378592757364376
144 105 -1.3485553102287757
144 143 -4.621874469192507
144 144 9.854874288792049
144 145 -1.3897322687341422
144 146 -0.0554003623197461
144 147 -2.407933285559513
145 139 -0.2761263854857286
145 140 -3.4925017823200974
145 143 -0.09770017384732253
145 144 -1.3897322687341422
145 145 8.698908374174408
145 146 -2.4113682352556998
145 148 -1.0314795285314173
146 144 -0.0554003623197461
146 145 -2.4113682352556998
146 146 7.837826371831996
146 147 -1.7510414592491108
146 148 -0.39913194191683804
146 151 -1.3404263783541184
146 154 -1.8804579947364826
147 105 0.5947490723174579
147 144 -2.407933285559513
147 146 -1.7510414592491108
147 147 9.787402407851147
147 152 -4.706688332684339
147 153 -1.0103481410595476
147 154 -0.5061402616160928
148 139 -3.3103041126717683
148 145 -1.0314795285314173
148 146 -0.39913194191683804
148 148 8.239687112174725
148 149 -0.14650236674980963
148 150 -1.1086872461491264
148 151 -2.2435819161557635
149 130 -0.6440629656555381
149 131 -3.1799398437752613
149 135 -0.3502026227846909
149 139 -0.898760904232659
149 148 -0.14650236674980963
149 149 9.506955356031773
149 150 -4.287486652833813
150 135 -0.785631768502455
150 148 -1.1086872461491264
150 149 -4.287486652833813
150 150 9.316107178250183
150 151 -0.2397997845429856
150 157 -2.878402404013345
150 158 -0.01609932220845755
151 146 -1.3404263783541184
151 148 -2.2435819161557635
151 150 -0.2397997845429856
151 151 7.968125528605677
151 154 0.012225542483557457
151 155 -2.735583409552878
151 156 -0.47983113621002316
151 157 -0.9411284462734656
152 105 -1.58374787109237
152 147 -4.706688332684339
152 152 11.342812658432518
152 153 -0.29418791523845267
152 176 -4.758188539417354
153 147 -1.0103481410595476
153 152 -0.29418791523845267
153 153 3.558870955846362
153 154 -0.6289442744421015
153 174 -0.6389698637705795
153 176 -0.9864207613356804
154 146 -1.8804579947364826
154 147 -0.5061402616160928
154 151 0.012225542483557457
154 153 -0.6289442744421015
154 154 3.6860081782320897
154 155 -0.68269118992097
155 151 -2.735583409552878
155 154 -0.68269118992097
155 155 3.972568745134849
155 156 -0.554294145661001
156 151 -0.47983113621002316
156 155 -0.554294145661001
156 156 4.242396320480015
156 157 -2.9492046645253005
156 160 -0.25906637408369043
157 150 -2.878402404013345
157 151 -0.9411284462734656
157 156 -2.9492046645253005
157 157 8.413989090228922
157 158 -1.0813269009592046
157 160 -0.5639266744576077
158 134 -1.0059589916617624
158 135 -2.5913537455124196
158 150 -0.01609932220845755
158 157 -1.0813269009592046
158 158 7.943914277707776
158 159 -0.8291081444576007
158 160 -2.4200671729083316
159 134 -1.0706330402968023
159 158 -0.8291081444576007
159 159 2.356205555149022
159 160 -0.4564643703946188
160 156 -0.25906637408369043
160 157 -0.5639266744576077
160 158 -2.4200671729083316
160 159 -0.4564643703946188
160 160 3.699524591844249
161 161 8.954599484694896
161 162 -2.853822155643144
161 163 -0.2751108345346722
161 200 -1.282120076438162
161 201 -3.69729670748837
161 223 -0.7764997953948404
161 285 -0.06974991519570808
162 161 -2.853822155643144
162 162 7.887418344665286
162 163 -0.3538937903489926
162 208 -1.137204309461816
162 209 -2.263252737678372
162 223 -0.6872721713128264
162 284 -0.591973180220135
163 161 -0.2751108345346722
163 162 -0.3538937903489926
163 163 8.158058405572188
163 198 -1.9075754890430057
163 199 -0.6267367287366485
163 200 -2.8346926340658953
163 208 -2.160048928842974
164 164 5.694524297172155
164 196 -0.5083900367396357
164 197 -0.02362587929122917
164 198 -5.242207306452016
164 200 0.07969892531072595
165 165 2.68708292465778
165 170 -0.4936776402477956
165 171 -0.9958810562231004
165 197 -1.1975242281868839
166 166 3.741666754909885
166 167 -0.34264328915399456
166 168 -2.352936599683071
166 172 -0.49675532978357106
166 173 -0.549331536289249
167 166 -0.34264328915399456
167 167 2.5396099317382035
167 168 -1.227260623673042
167 170 -0.9697060189111666
168 166 -2.352936599683071
168 167 -1.227260623673042
168 168 8.0126429347533
168 169 -2.6825393145918928
168 170 -0.832468326270917
168 172 -0.9174380705343774
169 168 -2.6825393145918928
169 169 9.195617461875894
169 170 -0.23532028426279178
169 171 -0.6029209411870449
169 172 -0.2233974178614696
169 177 -4.362357674234465
169 183 -1.08908182973823
170 165 -0.4936776402477956
170 167 -0.9697060189111666
170 168 -0.832468326270917
170 169 -0.23532028426279178
170 170 4.708661192046297
170 171 -2.1774889223536262
171 165 -0.9958810562231004
171 169 -0.6029209411870449
171 170 -2.1774889223536262
171 171 9.05682196468101
171 177 -0.34364747918255634
171 178 -4.438963026264742
171 197 -0.4979205394699411
172 166 -0.49675532978357106
172 168 -0.9174380705343774
172 169 -0.2233974178614696
172 172 7.982756544182978
172 173 -2.740645691078657
172 174 0.006615128015973089
172 175 -1.3509185092551403
172 183 -2.260216653685735
173 166 -0.549331536289249
173 172 -2.740645691078657
173 173 3.9626786014506146
173 174 -0.6727013740827084
174 153 -0.6389698637705795
174 172 0.006615128015973089
174 173 -0.6727013740827084
174 174 3.6802398004882573
174 175 -1.8865826974705842
174 176 -0.48860099318035843
175 172 -1.3509185092551403
175 174 -1.8865826974705842
175 175 7.842158660966412
175 176 -1.7867546163122046
175 182 -2.3787237739826956
175 183 -0.4069460744551755
175 187 -0.03223298949061068
176 105 0.5978441302298567
176 152 -4.758188539417354
176 153 -0.9864207613356804
176 174 -0.48860099318035843
176 175 -1.7867546163122046
176 176 9.850834554727815
176 187 -2.428713774712073
177 169 -4.362357674234465
177 171 -0.34364747918255634
177 177 9.58251588459173
177 178 -0.6002362120251511
177 179 -3.215538290171531
177 181 -0.919246601622278
177 183 -0.14148962735574974
178 171 -4.438963026264742
178 177 -0.6002362120251511
178 178 10.058690477552279
178 179 -0.3118573546737544
178 180 -3.7944214020840867
178 196 -0.44111613350605194
178 197 -0.4720963489984925
179 177 -3.215538290171531
179 178 -0.3118573546737544
179 179 8.137466355179525
179 180 -0.7132852060195343
179 181 -0.15251425266588134
179 189 -1.3103808035451658
179 190 -0.736934437331034
179 195 -1.6969560107726238
180 178 -3.7944214020840867
180 179 -0.7132852060195343
180 180 9.062052193253201
180 190 -2.714758464081248
180 196 -0.4732507351703982
180 199 -1.366336385897935
181 177 -0.919246601622278
181 179 -0.15251425266588134
181 181 8.644954883558325
181 182 -0.28418349387159003
181 183 -3.2921359537042156
181 184 -1.1321098112939734
181 195 -2.8647647704003862
182 175 -2.3787237739826956
182 181 -0.28418349387159003
182 182 8.713082979386344
182 183 -1.0500672177577217
182 184 -3.527380373484767
182 185 -0.08217645270677998
182 187 -1.3905516675827898
183 169 -1.08908182973823
183 172 -2.260216653685735
183 175 -0.4069460744551755
183 177 -0.14148962735574974
183 181 -3.2921359537042156
183 182 -1.0500672177577217
183 183 8.239937356696828
184 181 -1.1321098112939734
184 182 -3.527380373484767
184 184 8.829808896305417
184 185 -0.9899268192903473
184 192 -0.3718197027983887
184 193 -2.7498334089264835
184 195 -0.05873878051145717
185 182 -0.08217645270677998
185 184 -0.9899268192903473
185 185 9.49125294939236
185 186 -0.7402461411557442
185 187 -4.65854427378207
185 188 -1.1163891905735193
185 192 -1.9039700718838977
186 104 -1.3178784675079718
186 105 -4.82154486281509
186 185 -0.7402461411557442
186 186 10.496159942013113
186 187 0.0012637029093120478
186 188 -1.735658588801753
186 212 -2.3947486505988245
186 228 0.512653065956956
187 105 -1.3989903860840691
187 175 -0.03223298949061068
187 176 -2.428713774712073
187 182 -1.3905516675827898
187 185 -4.65854427378207
187 186 0.0012637029093120478
187 187 9.907769388742299
188 185 -1.1163891905735193
188 186 -1.735658588801753
188 188 7.588325770685017
188 191 -2.3320548691104444
188 192 -1.6967412236719963
188 212 -0.7074818985273044
189 179 -1.3103808035451658
189 189 7.014033198048705
189 190 -1.088116892565649
189 194 -1.942657950668965
189 195 -0.8191506197238291
189 215 -0.9105309739527514
189 217 -0.9431959575923452
190 179 -0.736934437331034
190 180 -2.714758464081248
190 189 -1.088116892565649
190 190 9.676941311710186
190 199 0.7592318451433014
190 217 -0.22659191705313153
190 218 -2.7288587366559023
190 222 -2.940912709166522
191 188 -2.3320548691104444
191 191 8.08498019197362
191 192 -1.0737666738014822
191 194 -0.9518063897259981
191 204 -0.20183066491271473
191 212 -0.6534632944912062
191 213 -2.288432195153039
191 214 -0.5836261047787379
192 184 -0.3718197027983887
192 185 -1.9039700718838977
192 188 -1.6967412236719963
192 191 -1.0737666738014822
192 192 7.543822108342007
192 193 -2.0901075725499787
192 194 -0.4074168636362632
193 184 -2.7498334089264835
193 192 -2.0901075725499787
193 193 8.309876070951885
193 194 -1.4793426782747057
193 195 -1.9905924112007174
194 189 -1.942657950668965
194 191 -0.9518063897259981
194 192 -0.4074168636362632
194 193 -1.4793426782747057
194 194 7.031337244332235
194 195 -0.7657947581644031
194 214 -1.0085616216506381
194 215 -0.47575698221126156
195 179 -1.6969560107726238
195 181 -2.8647647704003862
195 184 -0.05873878051145717
195 189 -0.8191506197238291
195 193 -1.9905924112007174
195 194 -0.7657947581644031
195 195 8.195997350773416
196 164 -0.5083900367396357
196 178 -0.44111613350605194
196 180 -0.4732507351703982
196 196 8.641842933030741
196 197 -3.4138685800748343
196 198 -1.2895492226873904
196 199 -2.5156682248524316
197 164 -0.02362587929122917
197 165 -1.1975242281868839
197 171 -0.4979205394699411
197 178 -0.4720963489984925
197 196 -3.4138685800748343
197 197 5.605035576021382
198 163 -1.9075754890430057
198 164 -5.242207306452016
198 196 -1.2895492226873904
198 198 9.886326615836186
198 199 -1.1455962452284791
198 200 -0.3013983524252946
199 163 -0.6267367287366485
199 180 -1.366336385897935
199 190 0.7592318451433014
199 196 -2.5156682248524316
199 198 -1.1455962452284791
199 199 7.9367498312203795
199 205 -0.9751639414699853
199 208 -0.423358649039693
199 222 -1.6431215011385085
200 161 -1.282120076438162
200 163 -2.8346926340658953
200 164 0.07969892531072595
200 198 -0.3013983524252946
200 200 4.409163844112728
200 201 -0.0706517064941019
201 161 -3.69729670748837
201 200 -0.0706517064941019
201 201 5.046604132428137
201 285 -0.4089602361563883
201 286 -0.8696954822892772
202 202 8.374958232593722
202 203 -2.1976571479142244
202 204 -1.47699715761242
202 219 -2.688801315526333
202 220 -1.1626372706791455
202 237 -0.848865340861599
203 202 -2.1976571479142244
203 203 8.163246345339106
203 204 -0.2508239678461276
203 212 -1.928550683421293
203 224 -1.673652316976452
203 225 -0.7121669757679113
203 228 -1.0995914883510827
203 237 -0.30080376506201517
204 191 -0.20183066491271473
204 202 -1.47699715761242
204 203 -0.2508239678461276
204 204 9.152622673163863
204 212 -3.0655890703827593
204 213 -3.378327184407376
204 219 -0.7790546280024666
205 199 -0.9751639414699853
205 205 8.025277852833817
205 206 -0.5825019488547057
205 207 -1.1736322400954322
205 208 -1.4870100820419523
205 210 -1.4116531228332194
205 211 0.19507901954923662
205 222 -2.5903955370877583
206 205 -0.5825019488547057
206 206 8.571209861599119
206 207 -1.3894647425252453
206 211 -2.6084122193159285
206 220 -1.2760691144165037
206 221 -2.432659320887606
206 237 -0.2821025155991291
207 205 -1.1736322400954322
207 206 -1.3894647425252453
207 207 8.290530266053075
207 217 -1.770308890313731
207 218 -2.462182277499858
207 221 -1.0941173409284595
207 222 -0.4008247746903484
208 162 -1.137204309461816
208 163 -2.160048928842974
208 199 -0.423358649039693
208 205 -1.4870100820419523
208 208 7.664252149240713
208 209 -0.2982070016266233
208 210 -2.1584231782276557
209 162 -2.263252737678372
209 208 -0.2982070016266233
209 209 7.519671726669788
209 210 -1.4610658236283418
209 238 -1.9278194669110371
209 239 -0.841185089576301
209 284 -0.7281416072491123
210 205 -1.4116531228332194
210 208 -2.1584231782276557
210 209 -1.4610658236283418
210 210 7.86774477405839
210 211 -2.342421244925899
210 238 -0.4941814044432741
211 205 0.19507901954923662
211 206 -2.6084122193159285
211 210 -2.342421244925899
211 211 8.162528999887984
211 233 -0.46558542092975846
211 237 -1.1948606881395043
211 238 -1.7463284461261308
212 186 -2.3947486505988245
212 188 -0.7074818985273044
212 191 -0.6534632944912062
212 203 -1.928550683421293
212 204 -3.0655890703827593
212 212 9.24774028389192
212 228 -0.49790668647053204
213 191 -2.288432195153039
213 204 -3.378327184407376
213 213 8.544670756675206
213 214 -1.4210701880163303
213 219 -1.456841189098461
214 191 -0.5836261047787379
214 194 -1.0085616216506381
214 213 -1.4210701880163303
214 214 7.761236569465424
214 215 -1.2615657338465633
214 216 -1.7648488479731355
214 219 -1.7215640732000188
215 189 -0.9105309739527514
215 194 -0.47575698221126156
215 214 -1.2615657338465633
215 215 7.694631564063499
215 216 -1.6540208638764409
215 217 -1.8537821274002446
215 221 -1.5389748827762375
216 214 -1.7648488479731355
216 215 -1.6540208638764409
216 216 8.176445755665284
216 219 -0.7379266446198111
216 220 -3.1125308774936284
216 221 -0.9071185217022686
217 189 -0.9431959575923452
217 190 -0.22659191705313153
217 207 -1.770308890313731
217 215 -1.8537821274002446
217 217 7.994121503597767
217 218 -1.8675500639598488
217 221 -1.3326925472784668
218 190 -2.7288587366559023
218 207 -2.462182277499858
218 217 -1.8675500639598488
218 218 9.0082761980657
218 222 -1.9496851199500904
219 202 -2.688801315526333
219 204 -0.7790546280024666
219 213 -1.456841189098461
219 214 -1.7215640732000188
219 216 -0.7379266446198111
219 219 7.835404915431851
219 220 -0.4512170649847608
220 202 -1.1626372706791455
220 206 -1.2760691144165037
220 216 -3.1125308774936284
220 219 -0.4512170649847608
220 220 8.3156523764915
220 221 -0.39441185818618646
220 237 -1.9187861907312749
221 206 -2.432659320887606
221 207 -1.0941173409284595
221 215 -1.5389748827762375
221 216 -0.9071185217022686
221 217 -1.3326925472784668
221 220 -0.39441185818618646
221 221 7.699974471759225
222 190 -2.940912709166522
222 199 -1.6431215011385085
222 205 -2.5903955370877583
222 207 -0.4008247746903484
222 218 -1.9496851199500904
222 222 9.524939642033228
